5.000420489571749671e-01 3.820034313342084847e-03
5.069516813379879583e-01 1.092674881477278398e-03
5.095422343074533789e-01 7.894092708695747392e-04
5.113233985724537911e-01 3.757721932560624859e-04
5.130196826816766364e-01 5.972585795266204109e-04
5.147540706158204582e-01 5.261217097033740308e-04
5.159629483635650438e-01 3.160472950784588646e-04
5.169865728798739291e-01 3.017343216308755868e-04
5.179677468030327026e-01 3.620179768278080539e-04
5.194245455142628698e-01 5.474224431429089693e-04
5.209139763613674923e-01 3.293815553721322984e-04
5.294250996094767014e-01 6.057683117810890722e-03
5.447793442388665364e-01 6.985483562988758274e-04
5.482271022416198569e-01 1.248667983493138237e-03
5.577791539041196955e-01 4.622247243624377083e-03
5.666367349441461254e-01 7.718869139893783787e-04
5.704976723205065214e-01 1.177857071601298494e-03
5.726636329625901523e-01 2.619838686510330772e-04
5.739785163488365649e-01 5.594291268919455865e-04
5.778525462906328736e-01 1.611197783683082597e-03
5.817791423293424691e-01 6.725178161660095308e-04
5.839609011826677465e-01 5.499369183251505162e-04
5.849894251929076416e-01 1.349639036892202318e-04
5.854831947596332853e-01 1.356901651676864636e-04
5.859414012740901123e-01 1.255434756147578784e-04
5.862088612924841735e-01 8.645473881532372146e-05
5.866905162324904666e-01 1.076143239188337349e-04
5.871010323629219929e-01 1.899997460690756542e-04
5.879984472845632970e-01 3.321577419168241711e-04
5.898929842304602156e-01 7.794417935382320526e-04
5.915753043881861739e-01 7.394966109923123226e-05
5.919659890261697033e-01 1.736894324008771313e-04
5.924288635130164904e-01 9.176936139947871121e-05
5.951874438484796581e-01 1.786285037734858510e-03
6.000652554462649890e-01 8.090863420447319326e-04
6.051191608474554284e-01 3.338144223261949213e-03
