1.000000000000000000e+00 8.092783689498901367e-01 1.960064470767974854e-01 3.177976310253143311e-01 3.494483530521392822e-01 5.294155478477478027e-01 7.143599390983581543e-01 7.236379384994506836e-01 1.000000000000000000e+00 9.179377555847167969e-01 8.224433064460754395e-01 8.224520087242126465e-01 4.128384217619895935e-02 3.271663188934326172e-01 5.039381384849548340e-01 2.805079519748687744e-01
1.000000000000000000e+00 5.738354921340942383e-01 1.949191242456436157e-01 3.019108176231384277e-01 4.128878712654113770e-01 5.379508733749389648e-01 6.474571228027343750e-01 7.410459518432617188e-01 9.999011158943176270e-01 8.770085573196411133e-01 7.152116894721984863e-01 4.645339250564575195e-01 5.216988325119018555e-01 4.750553071498870850e-01 5.257365107536315918e-01 5.197887420654296875e-01
0.000000000000000000e+00 5.257400274276733398e-01 1.993050277233123779e-01 3.067366182804107666e-01 4.187698662281036377e-01 5.417792201042175293e-01 6.499823331832885742e-01 7.449398040771484375e-01 9.999312758445739746e-01 8.605110049247741699e-01 6.993259191513061523e-01 4.764008820056915283e-01 5.265078544616699219e-01 4.767365753650665283e-01 5.212751030921936035e-01 5.109451413154602051e-01
1.000000000000000000e+00 5.656380653381347656e-01 1.920462846755981445e-01 2.988065183162689209e-01 4.143348038196563721e-01 5.364803075790405273e-01 6.438958644866943359e-01 7.393671274185180664e-01 9.999361038208007812e-01 8.625152707099914551e-01 6.739728450775146484e-01 4.604119062423706055e-01 5.328020453453063965e-01 5.012258291244506836e-01 5.255974531173706055e-01 4.864346683025360107e-01
1.000000000000000000e+00 5.183901786804199219e-01 1.960360109806060791e-01 2.834811508655548096e-01 3.941890001296997070e-01 5.073319077491760254e-01 6.181932091712951660e-01 7.101402282714843750e-01 9.999660253524780273e-01 8.940225839614868164e-01 7.714676856994628906e-01 4.116302728652954102e-01 4.666594564914703369e-01 5.165845155715942383e-01 4.659660756587982178e-01 4.889208078384399414e-01
1.000000000000000000e+00 5.985931754112243652e-01 1.892667710781097412e-01 2.738162875175476074e-01 3.860158324241638184e-01 4.994887411594390869e-01 6.061257719993591309e-01 6.929644942283630371e-01 9.999318718910217285e-01 9.041731357574462891e-01 7.569009661674499512e-01 3.540039062500000000e-01 4.436696767807006836e-01 5.451726317405700684e-01 4.521083831787109375e-01 4.463472366333007812e-01
1.000000000000000000e+00 4.579384028911590576e-01 1.955626457929611206e-01 2.855613231658935547e-01 3.940218985080718994e-01 5.089118480682373047e-01 6.239365935325622559e-01 7.208130955696105957e-01 9.999536275863647461e-01 8.899179100990295410e-01 7.797137498855590820e-01 4.344823360443115234e-01 4.765660762786865234e-01 4.998514652252197266e-01 4.760083556175231934e-01 5.102835893630981445e-01
1.000000000000000000e+00 5.812522768974304199e-01 1.897537857294082642e-01 2.963501214981079102e-01 4.104023873805999756e-01 5.345240235328674316e-01 6.420221328735351562e-01 7.372875809669494629e-01 9.999591708183288574e-01 8.694081306457519531e-01 6.806215643882751465e-01 4.532788991928100586e-01 5.264316201210021973e-01 4.986709058284759521e-01 5.249137878417968750e-01 4.964405596256256104e-01
1.000000000000000000e+00 5.094090104103088379e-01 1.971754431724548340e-01 2.952665686607360840e-01 4.095073640346527100e-01 5.273313522338867188e-01 6.346659660339355469e-01 7.291450500488281250e-01 9.999797940254211426e-01 8.651667833328247070e-01 7.141602039337158203e-01 4.422396421432495117e-01 5.053629875183105469e-01 5.116374492645263672e-01 4.961621165275573730e-01 4.846244156360626221e-01
1.000000000000000000e+00 5.164372324943542480e-01 1.926544606685638428e-01 2.779607772827148438e-01 3.884512186050415039e-01 5.005242824554443359e-01 6.113109588623046875e-01 7.013867497444152832e-01 9.999481439590454102e-01 8.985986113548278809e-01 7.771359086036682129e-01 3.824563026428222656e-01 4.548253118991851807e-01 5.339636802673339844e-01 4.582581222057342529e-01 4.632565677165985107e-01
1.000000000000000000e+00 5.266225934028625488e-01 2.006366997957229614e-01 3.089463114738464355e-01 4.202488362789154053e-01 5.439674258232116699e-01 6.526706814765930176e-01 7.473537325859069824e-01 9.999495148658752441e-01 8.609427213668823242e-01 7.100638747215270996e-01 4.809623956680297852e-01 5.326358675956726074e-01 4.752714633941650391e-01 5.242866873741149902e-01 5.163139104843139648e-01
