0.000000000000000000e+00 0.000000000000000000e+00 2.060328431135657890e-01 2.449845693383781720e-01 4.140084362069874069e-01 5.294133891525324431e-01 5.825221959053565879e-01 6.723024304675611074e-01 1.000000000000000000e+00 4.632130108562769744e-01 3.884429397452680011e-01 7.621469311214069675e-01 2.282918625133049939e-01 3.486300782684699784e-01 5.316658206177039547e-01 8.538766529522169579e-02
0.000000000000000000e+00 1.622434332966804504e-02 2.670368254184722900e-01 3.654940724372863770e-01 4.724878072738647461e-01 5.746504664421081543e-01 6.764811873435974121e-01 7.706954479217529297e-01 9.999929666519165039e-01 5.735945701599121094e-01 5.993605852127075195e-01 5.436146855354309082e-01 4.939255416393280029e-01 4.869689345359802246e-01 4.558094143867492676e-01 4.782081544399261475e-01
0.000000000000000000e+00 4.554065689444541931e-02 2.713689804077148438e-01 3.718589842319488525e-01 4.782757163047790527e-01 5.835004448890686035e-01 6.838638186454772949e-01 7.735583186149597168e-01 9.999847412109375000e-01 6.134058833122253418e-01 5.810081958770751953e-01 5.394199490547180176e-01 4.891066849231719971e-01 4.653471112251281738e-01 4.356258809566497803e-01 4.874769449234008789e-01
0.000000000000000000e+00 1.684995368123054504e-02 2.697194218635559082e-01 3.703635931015014648e-01 4.790835380554199219e-01 5.829062461853027344e-01 6.804302930831909180e-01 7.737620472908020020e-01 9.999898672103881836e-01 5.535953640937805176e-01 5.943155288696289062e-01 5.225097537040710449e-01 4.753842055797576904e-01 4.945275485515594482e-01 4.441394507884979248e-01 4.730604588985443115e-01
0.000000000000000000e+00 4.149280861020088196e-02 2.767063081264495850e-01 3.738812804222106934e-01 4.807184338569641113e-01 5.817556977272033691e-01 6.831056475639343262e-01 7.729170918464660645e-01 9.999977350234985352e-01 5.945773720741271973e-01 5.508127212524414062e-01 5.603237748146057129e-01 4.940619170665740967e-01 4.598531723022460938e-01 4.228022694587707520e-01 4.926717281341552734e-01
1.000000000000000000e+00 9.322432801127433777e-03 2.755012810230255127e-01 3.772233128547668457e-01 4.870262444019317627e-01 5.909434556961059570e-01 6.903591156005859375e-01 7.841109633445739746e-01 9.999815821647644043e-01 5.443819165229797363e-01 6.349775791168212891e-01 5.479308962821960449e-01 5.207784175872802734e-01 4.714453220367431641e-01 4.723245501518249512e-01 4.781023263931274414e-01
0.000000000000000000e+00 7.208207249641418457e-02 2.722934484481811523e-01 3.703653514385223389e-01 4.785090386867523193e-01 5.806476473808288574e-01 6.812655329704284668e-01 7.707734704017639160e-01 9.999958872795104980e-01 6.312319040298461914e-01 5.481528639793395996e-01 5.392771959304809570e-01 4.785197079181671143e-01 4.556138515472412109e-01 4.178940653800964355e-01 4.899532496929168701e-01
0.000000000000000000e+00 8.732695877552032471e-02 2.738012075424194336e-01 3.720395267009735107e-01 4.806480705738067627e-01 5.849506258964538574e-01 6.844313740730285645e-01 7.738353013992309570e-01 9.999898672103881836e-01 6.452056169509887695e-01 5.850642323493957520e-01 5.329895019531250000e-01 4.868512451648712158e-01 4.556292891502380371e-01 4.280604720115661621e-01 4.876516163349151611e-01
1.000000000000000000e+00 1.458296179771423340e-01 2.717481851577758789e-01 3.757641017436981201e-01 4.844054281711578369e-01 5.950691103935241699e-01 6.968927979469299316e-01 7.891941070556640625e-01 9.999938011169433594e-01 6.888822913169860840e-01 6.719965934753417969e-01 5.996453166007995605e-01 5.459776520729064941e-01 4.093541502952575684e-01 4.724829792976379395e-01 5.411554574966430664e-01
0.000000000000000000e+00 9.806020185351371765e-03 2.752655148506164551e-01 3.733599483966827393e-01 4.808424711227416992e-01 5.806571245193481445e-01 6.825702190399169922e-01 7.809708714485168457e-01 9.999994039535522461e-01 5.327768325805664062e-01 6.185342669486999512e-01 5.572293996810913086e-01 5.151849985122680664e-01 4.834648370742797852e-01 4.603726565837860107e-01 4.822281897068023682e-01
0.000000000000000000e+00 3.640997922047972679e-03 2.693791687488555908e-01 3.700016736984252930e-01 4.805179536342620850e-01 5.867760777473449707e-01 6.837987303733825684e-01 7.819216847419738770e-01 9.999947547912597656e-01 4.877301454544067383e-01 6.274127364158630371e-01 5.364002585411071777e-01 4.892326891422271729e-01 5.083345770835876465e-01 4.645771682262420654e-01 4.650970101356506348e-01
