0.000000000000000000e+00 0.000000000000000000e+00 2.157195806503295898e-01 2.991929054260253906e-01 4.120614528656005859e-01 5.202425122261047363e-01 6.871834397315979004e-01 8.591207265853881836e-01 1.000000000000000000e+00 4.891887009143829346e-01 2.405519485473632812e-01 7.420970797538757324e-01 8.434264063835144043e-01 3.953041434288024902e-01 8.139032721519470215e-01 3.645887672901153564e-01
1.000000000000000000e+00 4.881601780652999878e-04 2.834619879722595215e-01 3.905423581600189209e-01 5.016520023345947266e-01 6.088753342628479004e-01 7.034586071968078613e-01 8.035850524902343750e-01 9.999556541442871094e-01 3.844683170318603516e-01 7.290805578231811523e-01 5.429031252861022949e-01 5.368171930313110352e-01 5.276777744293212891e-01 5.402248501777648926e-01 4.435403943061828613e-01
0.000000000000000000e+00 8.114610682241618633e-04 2.873851358890533447e-01 3.910805583000183105e-01 4.973569214344024658e-01 6.001124382019042969e-01 6.980622410774230957e-01 7.997563481330871582e-01 9.999977946281433105e-01 4.232329428195953369e-01 6.895765662193298340e-01 5.993352532386779785e-01 5.560234189033508301e-01 5.106016397476196289e-01 5.118728876113891602e-01 4.750432968139648438e-01
1.000000000000000000e+00 4.589752352330833673e-04 2.758087217807769775e-01 3.783859610557556152e-01 4.889361858367919922e-01 5.949199795722961426e-01 6.932336091995239258e-01 7.982376813888549805e-01 9.999861121177673340e-01 4.025521576404571533e-01 7.038229703903198242e-01 5.540134906768798828e-01 5.334511399269104004e-01 5.397630333900451660e-01 5.288227200508117676e-01 4.388863742351531982e-01
0.000000000000000000e+00 6.532664410769939423e-03 2.832956910133361816e-01 3.836899399757385254e-01 4.916271567344665527e-01 5.948065519332885742e-01 6.928396821022033691e-01 7.910207509994506836e-01 9.999840855598449707e-01 4.765461683273315430e-01 5.984326601028442383e-01 5.727561116218566895e-01 5.048772692680358887e-01 4.880611598491668701e-01 4.572764635086059570e-01 4.817201793193817139e-01
0.000000000000000000e+00 6.831511855125427246e-03 2.784717977046966553e-01 3.808656930923461914e-01 4.911291599273681641e-01 5.969687700271606445e-01 6.932317614555358887e-01 7.897859811782836914e-01 9.999836683273315430e-01 4.992504417896270752e-01 6.522833704948425293e-01 5.586510300636291504e-01 5.091802477836608887e-01 4.922940433025360107e-01 4.746685922145843506e-01 4.812403321266174316e-01
0.000000000000000000e+00 3.053787397220730782e-03 2.870922088623046875e-01 3.899995684623718262e-01 4.997319579124450684e-01 6.029640436172485352e-01 7.011003494262695312e-01 8.003216385841369629e-01 9.999457001686096191e-01 4.443351030349731445e-01 6.733674407005310059e-01 5.920181274414062500e-01 5.362974405288696289e-01 4.923869073390960693e-01 4.866855740547180176e-01 4.822750985622406006e-01
0.000000000000000000e+00 3.781787585467100143e-03 2.814016640186309814e-01 3.816634118556976318e-01 4.943428337574005127e-01 5.968062281608581543e-01 6.915668249130249023e-01 7.892663478851318359e-01 9.999971389770507812e-01 4.478445351123809814e-01 6.457127332687377930e-01 5.389954447746276855e-01 4.982171654701232910e-01 5.113387703895568848e-01 4.710680842399597168e-01 4.479041397571563721e-01
1.000000000000000000e+00 2.397125400602817535e-02 2.816293239593505859e-01 3.785471916198730469e-01 4.858682155609130859e-01 5.881910324096679688e-01 6.854941248893737793e-01 7.756447792053222656e-01 9.999813437461853027e-01 5.341604948043823242e-01 5.465517044067382812e-01 5.265767574310302734e-01 4.743471741676330566e-01 4.693616926670074463e-01 4.272212684154510498e-01 4.647533297538757324e-01
1.000000000000000000e+00 1.272580935619771481e-03 2.734844088554382324e-01 3.745890259742736816e-01 4.891919493675231934e-01 5.959220528602600098e-01 6.896323561668395996e-01 7.901509404182434082e-01 9.999817609786987305e-01 4.275330007076263428e-01 6.652440428733825684e-01 5.047210454940795898e-01 5.038172006607055664e-01 5.312585234642028809e-01 4.983798563480377197e-01 4.342958629131317139e-01
0.000000000000000000e+00 7.338806055486202240e-03 2.904277443885803223e-01 3.913025259971618652e-01 5.047999024391174316e-01 6.055170893669128418e-01 7.032818198204040527e-01 8.002691864967346191e-01 9.999881982803344727e-01 4.711734652519226074e-01 6.392807960510253906e-01 5.923364162445068359e-01 5.272039771080017090e-01 4.817954599857330322e-01 4.673264324665069580e-01 4.800507724285125732e-01
0.000000000000000000e+00 7.827912457287311554e-03 2.793324589729309082e-01 3.810559213161468506e-01 4.916985332965850830e-01 5.989718437194824219e-01 6.955927014350891113e-01 7.879376411437988281e-01 9.999877810478210449e-01 5.351091027259826660e-01 6.564474701881408691e-01 5.481882691383361816e-01 5.172971487045288086e-01 4.756396114826202393e-01 4.812249243259429932e-01 4.714742600917816162e-01
0.000000000000000000e+00 2.980348945129662752e-04 2.743808627128601074e-01 3.773065805435180664e-01 4.935112297534942627e-01 5.988831520080566406e-01 6.913946866989135742e-01 7.966199517250061035e-01 9.999920129776000977e-01 3.927796185016632080e-01 7.436034083366394043e-01 5.449674725532531738e-01 5.206350088119506836e-01 5.509778261184692383e-01 5.371463894844055176e-01 4.352953433990478516e-01
0.000000000000000000e+00 5.552357062697410583e-03 2.919894754886627197e-01 3.940239846706390381e-01 5.051364302635192871e-01 6.068456172943115234e-01 7.004762887954711914e-01 7.955473065376281738e-01 9.999738931655883789e-01 4.773836731910705566e-01 6.429189443588256836e-01 5.776670575141906738e-01 5.284225344657897949e-01 4.848033487796783447e-01 4.711508750915527344e-01 4.759648442268371582e-01
0.000000000000000000e+00 6.153645808808505535e-04 2.876942455768585205e-01 3.895131647586822510e-01 5.048169493675231934e-01 6.053338646888732910e-01 7.015004158020019531e-01 8.052256107330322266e-01 9.999819397926330566e-01 3.461130261421203613e-01 6.702736616134643555e-01 5.746367573738098145e-01 5.257098078727722168e-01 5.281934142112731934e-01 5.003222227096557617e-01 4.435649812221527100e-01
0.000000000000000000e+00 8.002312853932380676e-03 2.805577814579010010e-01 3.833349347114562988e-01 4.908886551856994629e-01 5.946629643440246582e-01 6.924601197242736816e-01 7.881658077239990234e-01 9.999955296516418457e-01 5.140659809112548828e-01 6.353670954704284668e-01 5.668025016784667969e-01 5.143776535987854004e-01 4.783401787281036377e-01 4.697511792182922363e-01 4.833815693855285645e-01
0.000000000000000000e+00 4.099240060895681381e-03 2.870941758155822754e-01 3.876672387123107910e-01 4.969607293605804443e-01 6.004420518875122070e-01 6.950767040252685547e-01 7.942662835121154785e-01 9.999982714653015137e-01 4.442351162433624268e-01 6.341060400009155273e-01 5.837147235870361328e-01 5.138024687767028809e-01 5.023303031921386719e-01 4.701169431209564209e-01 4.811104238033294678e-01
0.000000000000000000e+00 5.173659417778253555e-03 2.706571221351623535e-01 3.719308078289031982e-01 4.837575554847717285e-01 5.882045030593872070e-01 6.860640048980712891e-01 7.832163572311401367e-01 9.999786615371704102e-01 5.282714366912841797e-01 6.611370444297790527e-01 5.252829790115356445e-01 5.052550435066223145e-01 5.042788982391357422e-01 4.897333979606628418e-01 4.560061395168304443e-01
0.000000000000000000e+00 1.203641877509653568e-03 2.783546745777130127e-01 3.805793523788452148e-01 4.913864135742187500e-01 5.952871441841125488e-01 6.881675720214843750e-01 7.884857654571533203e-01 9.999960064888000488e-01 4.427755773067474365e-01 6.737310886383056641e-01 5.494192838668823242e-01 5.176693797111511230e-01 5.210039019584655762e-01 4.981754422187805176e-01 4.541730582714080811e-01
1.000000000000000000e+00 2.159882150590419769e-02 2.837619185447692871e-01 3.826405405998229980e-01 4.885683655738830566e-01 5.869224667549133301e-01 6.888110041618347168e-01 7.802595496177673340e-01 9.999657869338989258e-01 5.421732664108276367e-01 5.561258196830749512e-01 5.663788914680480957e-01 4.902065396308898926e-01 4.758485853672027588e-01 4.315202236175537109e-01 4.782596826553344727e-01
0.000000000000000000e+00 1.047615660354495049e-03 2.782952487468719482e-01 3.798845112323760986e-01 4.928287863731384277e-01 5.963494181632995605e-01 6.904858946800231934e-01 7.942603826522827148e-01 9.999946951866149902e-01 4.093365371227264404e-01 6.764335036277770996e-01 5.405947566032409668e-01 5.152626037597656250e-01 5.277348756790161133e-01 5.003396868705749512e-01 4.520773291587829590e-01
0.000000000000000000e+00 1.781057007610797882e-02 2.846919298171997070e-01 3.840396702289581299e-01 4.943733215332031250e-01 5.949978232383728027e-01 6.937772035598754883e-01 7.850830554962158203e-01 9.999882578849792480e-01 5.128581523895263672e-01 5.739380717277526855e-01 5.560004115104675293e-01 4.895961880683898926e-01 4.698364436626434326e-01 4.326676726341247559e-01 4.754989147186279297e-01
1.000000000000000000e+00 3.511204570531845093e-02 2.849777042865753174e-01 3.817453682422637939e-01 4.924266040325164795e-01 5.902558565139770508e-01 6.901196241378784180e-01 7.825861573219299316e-01 9.999650120735168457e-01 5.229201912879943848e-01 5.101547837257385254e-01 5.432737469673156738e-01 4.717439711093902588e-01 4.677336812019348145e-01 4.075159430503845215e-01 4.712095856666564941e-01
1.000000000000000000e+00 8.226697333157062531e-03 2.732146680355072021e-01 3.751985430717468262e-01 4.861873984336853027e-01 5.931102633476257324e-01 6.878538727760314941e-01 7.829091548919677734e-01 9.999926090240478516e-01 5.054903030395507812e-01 6.154350638389587402e-01 5.225344896316528320e-01 4.832822680473327637e-01 5.058711171150207520e-01 4.581097364425659180e-01 4.565130174160003662e-01
1.000000000000000000e+00 2.688427688553929329e-03 2.770509123802185059e-01 3.783965706825256348e-01 4.892382323741912842e-01 5.928550362586975098e-01 6.916875839233398438e-01 7.927139997482299805e-01 9.999938011169433594e-01 4.778501391410827637e-01 6.463962197303771973e-01 5.706361532211303711e-01 5.306655764579772949e-01 4.957262873649597168e-01 4.912825226783752441e-01 4.655115604400634766e-01
1.000000000000000000e+00 3.166744427289813757e-04 2.969948053359985352e-01 3.981249928474426270e-01 5.119392275810241699e-01 6.126106977462768555e-01 7.024415135383605957e-01 8.056556582450866699e-01 9.999909400939941406e-01 3.349963426589965820e-01 7.008028030395507812e-01 5.752590298652648926e-01 5.400391817092895508e-01 5.386716723442077637e-01 5.082879662513732910e-01 4.536290168762207031e-01
1.000000000000000000e+00 4.341166350059211254e-04 2.709963023662567139e-01 3.737515211105346680e-01 4.861772656440734863e-01 5.938544273376464844e-01 6.888874769210815430e-01 7.938153743743896484e-01 9.999984502792358398e-01 4.212498366832733154e-01 7.291080951690673828e-01 5.458310842514038086e-01 5.412410497665405273e-01 5.335632562637329102e-01 5.328111052513122559e-01 4.518937468528747559e-01
1.000000000000000000e+00 1.641012611798942089e-03 2.819435298442840576e-01 3.798371255397796631e-01 4.916009604930877686e-01 5.947751998901367188e-01 6.879037618637084961e-01 7.887728810310363770e-01 9.999974966049194336e-01 4.251215159893035889e-01 6.404322981834411621e-01 5.507299304008483887e-01 5.020954608917236328e-01 5.251287221908569336e-01 4.735353589057922363e-01 4.536092281341552734e-01
0.000000000000000000e+00 1.853131805546581745e-03 2.807454466819763184e-01 3.779696822166442871e-01 4.877711236476898193e-01 5.863409042358398438e-01 6.833310723304748535e-01 7.846430540084838867e-01 9.999887943267822266e-01 4.524692296981811523e-01 6.592894792556762695e-01 5.676349997520446777e-01 5.237123370170593262e-01 5.079275369644165039e-01 4.926373958587646484e-01 4.593866169452667236e-01
0.000000000000000000e+00 3.363933879882097244e-03 2.856730222702026367e-01 3.843484222888946533e-01 4.943434596061706543e-01 5.952994823455810547e-01 6.924222707748413086e-01 7.947921752929687500e-01 9.999969005584716797e-01 4.421744048595428467e-01 6.356602311134338379e-01 5.865078568458557129e-01 5.323526859283447266e-01 4.790079891681671143e-01 4.778265058994293213e-01 4.713713526725769043e-01
0.000000000000000000e+00 3.913412801921367645e-03 2.731098532676696777e-01 3.731922209262847900e-01 4.824489355087280273e-01 5.874713063240051270e-01 6.842063069343566895e-01 7.838053107261657715e-01 9.999942779541015625e-01 4.867841601371765137e-01 6.283079385757446289e-01 5.464208126068115234e-01 4.998954534530639648e-01 5.094254612922668457e-01 4.718791246414184570e-01 4.637505412101745605e-01
1.000000000000000000e+00 6.937151402235031128e-02 2.847438156604766846e-01 3.855328559875488281e-01 4.916285276412963867e-01 5.935157537460327148e-01 6.937860250473022461e-01 7.848423719406127930e-01 9.999909996986389160e-01 6.092944145202636719e-01 5.985372066497802734e-01 5.955020785331726074e-01 5.263748764991760254e-01 4.244279861450195312e-01 4.470714628696441650e-01 5.220643281936645508e-01
0.000000000000000000e+00 1.356193237006664276e-02 2.697901427745819092e-01 3.707548081874847412e-01 4.841443300247192383e-01 5.892875790596008301e-01 6.859418749809265137e-01 7.783344984054565430e-01 9.999740123748779297e-01 5.505602955818176270e-01 6.107828617095947266e-01 4.914394021034240723e-01 4.682592153549194336e-01 4.974377155303955078e-01 4.544956088066101074e-01 4.561389386653900146e-01
1.000000000000000000e+00 1.319320523180067539e-03 2.766349613666534424e-01 3.792384862899780273e-01 4.922668933868408203e-01 5.965154767036437988e-01 6.906921267509460449e-01 7.913683652877807617e-01 9.999929666519165039e-01 3.897405266761779785e-01 6.473044157028198242e-01 5.274932384490966797e-01 4.962398111820220947e-01 5.300936698913574219e-01 4.789901077747344971e-01 4.417026638984680176e-01
0.000000000000000000e+00 3.767380025237798691e-03 2.837382256984710693e-01 3.852613568305969238e-01 4.957599043846130371e-01 5.990408658981323242e-01 6.922156214714050293e-01 7.888829112052917480e-01 9.999981522560119629e-01 4.371541738510131836e-01 6.270044445991516113e-01 5.420103669166564941e-01 5.001958608627319336e-01 5.086275339126586914e-01 4.748463928699493408e-01 4.605526924133300781e-01
0.000000000000000000e+00 8.218061178922653198e-03 2.894550263881683350e-01 3.884302079677581787e-01 4.987327158451080322e-01 6.009464859962463379e-01 6.954981088638305664e-01 7.939488887786865234e-01 9.999948143959045410e-01 4.743338823318481445e-01 6.124697923660278320e-01 5.793688893318176270e-01 5.040197968482971191e-01 4.891113042831420898e-01 4.541318416595458984e-01 4.747142791748046875e-01
0.000000000000000000e+00 8.548282086849212646e-03 2.905246019363403320e-01 3.888421356678009033e-01 5.002307891845703125e-01 5.976077318191528320e-01 6.960958242416381836e-01 7.913341522216796875e-01 9.999801516532897949e-01 4.877294003963470459e-01 5.848320722579956055e-01 5.667716860771179199e-01 4.924639463424682617e-01 4.972483515739440918e-01 4.472019672393798828e-01 4.664935171604156494e-01
0.000000000000000000e+00 3.598085313569754362e-04 2.781046330928802490e-01 3.813734352588653564e-01 4.918164312839508057e-01 5.954018235206604004e-01 6.930814385414123535e-01 7.980211377143859863e-01 9.999934434890747070e-01 3.892986774444580078e-01 7.179358005523681641e-01 5.732332468032836914e-01 5.451715588569641113e-01 5.324153304100036621e-01 5.266363024711608887e-01 4.570357501506805420e-01
1.000000000000000000e+00 4.563255701214075089e-03 2.941197156906127930e-01 3.932027518749237061e-01 5.050542354583740234e-01 6.064445376396179199e-01 7.023887634277343750e-01 7.985041737556457520e-01 9.999554157257080078e-01 4.276984632015228271e-01 6.334660053253173828e-01 5.773197412490844727e-01 5.113514065742492676e-01 4.887277483940124512e-01 4.636340737342834473e-01 4.600286185741424561e-01
0.000000000000000000e+00 1.920171827077865601e-02 2.778723835945129395e-01 3.773505389690399170e-01 4.873584806919097900e-01 5.905092954635620117e-01 6.856688857078552246e-01 7.776076197624206543e-01 9.999980926513671875e-01 5.400198101997375488e-01 5.970765352249145508e-01 5.208871364593505859e-01 4.853670597076416016e-01 4.812229275703430176e-01 4.451965987682342529e-01 4.694050550460815430e-01
0.000000000000000000e+00 8.497824892401695251e-03 2.723199427127838135e-01 3.727546334266662598e-01 4.827228784561157227e-01 5.877218246459960938e-01 6.817747950553894043e-01 7.759270668029785156e-01 9.999735355377197266e-01 5.224296450614929199e-01 6.176240444183349609e-01 5.126031637191772461e-01 4.783026576042175293e-01 4.996809363365173340e-01 4.581455886363983154e-01 4.576361179351806641e-01
0.000000000000000000e+00 1.541824080049991608e-03 2.876462340354919434e-01 3.893282413482666016e-01 5.017238855361938477e-01 6.028965711593627930e-01 6.996390223503112793e-01 8.001671433448791504e-01 9.999980330467224121e-01 4.089539051055908203e-01 6.823277473449707031e-01 5.875104069709777832e-01 5.354030132293701172e-01 5.046691298484802246e-01 4.879088401794433594e-01 4.661276936531066895e-01
1.000000000000000000e+00 2.528862329199910164e-03 2.803345620632171631e-01 3.818105161190032959e-01 4.904072880744934082e-01 5.990768074989318848e-01 6.924827694892883301e-01 7.896307706832885742e-01 9.999918341636657715e-01 4.499868452548980713e-01 6.393541097640991211e-01 5.462399125099182129e-01 5.108283758163452148e-01 4.953796863555908203e-01 4.836646914482116699e-01 4.626109302043914795e-01
1.000000000000000000e+00 3.207940980792045593e-02 2.831291854381561279e-01 3.787894546985626221e-01 4.877302050590515137e-01 5.828444361686706543e-01 6.835417151451110840e-01 7.771421670913696289e-01 9.999976158142089844e-01 5.316582918167114258e-01 5.077335238456726074e-01 5.476127862930297852e-01 4.671220481395721436e-01 4.789618849754333496e-01 4.008560478687286377e-01 4.794118404388427734e-01
0.000000000000000000e+00 4.955035401508212090e-04 2.779631912708282471e-01 3.800129592418670654e-01 4.915775358676910400e-01 5.974738597869873047e-01 6.906384825706481934e-01 7.961306571960449219e-01 9.999965429306030273e-01 3.866032660007476807e-01 6.978530883789062500e-01 5.470035076141357422e-01 5.387449860572814941e-01 5.273772478103637695e-01 5.153300762176513672e-01 4.451368451118469238e-01
0.000000000000000000e+00 1.341797411441802979e-02 3.035985231399536133e-01 4.006261527538299561e-01 5.083173513412475586e-01 6.044699549674987793e-01 7.038734555244445801e-01 8.002742528915405273e-01 9.999926686286926270e-01 4.659009277820587158e-01 5.427994728088378906e-01 6.260190010070800781e-01 5.273025035858154297e-01 4.559647738933563232e-01 4.244262278079986572e-01 4.946512877941131592e-01
0.000000000000000000e+00 7.149833254516124725e-03 2.793776094913482666e-01 3.813212215900421143e-01 4.910822510719299316e-01 5.952513813972473145e-01 6.910524368286132812e-01 7.848130464553833008e-01 9.999949932098388672e-01 5.185630321502685547e-01 6.311418414115905762e-01 5.416131019592285156e-01 5.007822513580322266e-01 4.930691421031951904e-01 4.689040482044219971e-01 4.701415598392486572e-01
1.000000000000000000e+00 1.872953143902122974e-03 2.799129188060760498e-01 3.830269575119018555e-01 4.924423396587371826e-01 5.973544120788574219e-01 6.952432394027709961e-01 7.949262261390686035e-01 9.999972581863403320e-01 4.317334890365600586e-01 6.413016319274902344e-01 5.734365582466125488e-01 5.245975255966186523e-01 5.056975483894348145e-01 4.865633845329284668e-01 4.627189636230468750e-01
0.000000000000000000e+00 1.678785076364874840e-03 2.741160392761230469e-01 3.772940635681152344e-01 4.896562993526458740e-01 5.961350202560424805e-01 6.895216703414916992e-01 7.895949482917785645e-01 9.999988079071044922e-01 4.502519667148590088e-01 6.920801401138305664e-01 5.291019082069396973e-01 5.128564238548278809e-01 5.178964734077453613e-01 5.039559006690979004e-01 4.622790217399597168e-01
1.000000000000000000e+00 1.835427596233785152e-03 2.881328463554382324e-01 3.867794275283813477e-01 4.977102875709533691e-01 5.972605347633361816e-01 6.911606192588806152e-01 7.925797104835510254e-01 9.999928474426269531e-01 4.038228392601013184e-01 6.161013245582580566e-01 5.644586086273193359e-01 5.041658878326416016e-01 5.173563361167907715e-01 4.637737572193145752e-01 4.557363986968994141e-01
0.000000000000000000e+00 3.575809299945831299e-03 2.860007286071777344e-01 3.855414390563964844e-01 4.992324709892272949e-01 6.001052856445312500e-01 6.974176764488220215e-01 7.955985665321350098e-01 9.999598264694213867e-01 4.454126358032226562e-01 6.495773792266845703e-01 5.606830716133117676e-01 5.196156501770019531e-01 4.885896742343902588e-01 4.801465868949890137e-01 4.577518105506896973e-01
1.000000000000000000e+00 5.117112305015325546e-03 2.841227352619171143e-01 3.844602406024932861e-01 4.918648898601531982e-01 5.905796289443969727e-01 6.915042996406555176e-01 7.873984575271606445e-01 9.999924302101135254e-01 4.785495698451995850e-01 6.007143855094909668e-01 5.807041525840759277e-01 5.205461382865905762e-01 4.881946444511413574e-01 4.689806103706359863e-01 4.646313190460205078e-01
0.000000000000000000e+00 5.991210229694843292e-03 2.843604981899261475e-01 3.837727308273315430e-01 4.964158535003662109e-01 5.982710123062133789e-01 6.928250789642333984e-01 7.904506921768188477e-01 9.999490976333618164e-01 4.853578507900238037e-01 6.333915591239929199e-01 5.433512330055236816e-01 4.992317259311676025e-01 5.025319457054138184e-01 4.661284089088439941e-01 4.549539387226104736e-01
0.000000000000000000e+00 1.097850967198610306e-02 2.725787758827209473e-01 3.751870989799499512e-01 4.831492602825164795e-01 5.915570259094238281e-01 6.855247616767883301e-01 7.774160504341125488e-01 9.999090433120727539e-01 5.325031876564025879e-01 6.349295377731323242e-01 5.092090368270874023e-01 4.820941984653472900e-01 4.954638183116912842e-01 4.634310305118560791e-01 4.652042984962463379e-01
0.000000000000000000e+00 4.299806058406829834e-02 2.967500388622283936e-01 3.957100212574005127e-01 5.023253560066223145e-01 6.011491417884826660e-01 6.979768276214599609e-01 7.921375632286071777e-01 9.999971389770507812e-01 5.328041911125183105e-01 5.517380833625793457e-01 5.975396037101745605e-01 4.999144375324249268e-01 4.556586444377899170e-01 4.128016829490661621e-01 5.047893524169921875e-01
0.000000000000000000e+00 2.741690259426832199e-03 2.784407734870910645e-01 3.796989023685455322e-01 4.930394887924194336e-01 5.937082767486572266e-01 6.914078593254089355e-01 7.921760082244873047e-01 9.999925494194030762e-01 4.785604476928710938e-01 6.751390695571899414e-01 5.571643710136413574e-01 5.302832722663879395e-01 4.977414608001708984e-01 4.950225055217742920e-01 4.707128405570983887e-01
0.000000000000000000e+00 5.497362930327653885e-03 2.829715013504028320e-01 3.830797672271728516e-01 4.914839267730712891e-01 5.937494039535522461e-01 6.907500624656677246e-01 7.891809344291687012e-01 9.999815225601196289e-01 4.776108860969543457e-01 6.035304665565490723e-01 5.709171295166015625e-01 5.041594505310058594e-01 4.965936243534088135e-01 4.589149653911590576e-01 4.694429039955139160e-01
0.000000000000000000e+00 2.592773176729679108e-03 2.802445590496063232e-01 3.829737603664398193e-01 4.907414615154266357e-01 5.942789316177368164e-01 6.937547922134399414e-01 7.939255833625793457e-01 9.999770522117614746e-01 4.470375180244445801e-01 6.612133979797363281e-01 5.757628679275512695e-01 5.297957658767700195e-01 4.921306967735290527e-01 4.873360991477966309e-01 4.820153117179870605e-01
0.000000000000000000e+00 2.189546125009655952e-03 2.768749892711639404e-01 3.774263858795166016e-01 4.875746667385101318e-01 5.892084836959838867e-01 6.852326393127441406e-01 7.850093841552734375e-01 9.999448060989379883e-01 4.727990627288818359e-01 6.748300194740295410e-01 5.536851286888122559e-01 5.220985412597656250e-01 5.137064456939697266e-01 4.957823753356933594e-01 4.707589447498321533e-01
1.000000000000000000e+00 1.410808647051453590e-03 2.827129364013671875e-01 3.829341530799865723e-01 4.971743822097778320e-01 6.012648940086364746e-01 6.965309977531433105e-01 7.979888916015625000e-01 9.999848008155822754e-01 4.085381925106048584e-01 6.702790260314941406e-01 5.673970580101013184e-01 5.154913067817687988e-01 5.169659256935119629e-01 4.851671755313873291e-01 4.502032995223999023e-01
0.000000000000000000e+00 1.213807519525289536e-02 2.752434611320495605e-01 3.772951364517211914e-01 4.873995780944824219e-01 5.933814048767089844e-01 6.918002367019653320e-01 7.854822278022766113e-01 9.999585747718811035e-01 5.436726808547973633e-01 6.219813823699951172e-01 5.394932031631469727e-01 5.024635791778564453e-01 4.841292798519134521e-01 4.625675380229949951e-01 4.715096652507781982e-01
0.000000000000000000e+00 4.150078457314521074e-04 2.790649235248565674e-01 3.805061280727386475e-01 4.977091550827026367e-01 6.013157963752746582e-01 6.927695870399475098e-01 7.967346906661987305e-01 9.999957680702209473e-01 3.516387045383453369e-01 7.068764567375183105e-01 5.292235612869262695e-01 5.104398727416992188e-01 5.492042899131774902e-01 5.123076438903808594e-01 4.199894070625305176e-01
1.000000000000000000e+00 9.925096528604626656e-04 2.946860492229461670e-01 3.899775147438049316e-01 5.040799379348754883e-01 6.000150442123413086e-01 6.941784024238586426e-01 7.984713912010192871e-01 9.999977350234985352e-01 3.636430501937866211e-01 6.521784067153930664e-01 5.804062485694885254e-01 5.260142683982849121e-01 5.222330093383789062e-01 4.890269935131072998e-01 4.378288090229034424e-01
0.000000000000000000e+00 1.866422477178275585e-03 2.806409299373626709e-01 3.809551000595092773e-01 4.946705996990203857e-01 5.973460674285888672e-01 6.946862339973449707e-01 7.954704165458679199e-01 9.999935030937194824e-01 4.576328992843627930e-01 6.884563565254211426e-01 5.616762042045593262e-01 5.367705821990966797e-01 5.011735558509826660e-01 5.062860846519470215e-01 4.674605429172515869e-01
0.000000000000000000e+00 3.588424879126250744e-04 2.777866721153259277e-01 3.795194923877716064e-01 4.921413660049438477e-01 5.968456864356994629e-01 6.901180148124694824e-01 7.949387431144714355e-01 9.999987483024597168e-01 3.700926005840301514e-01 6.901273727416992188e-01 5.552139878273010254e-01 5.255491733551025391e-01 5.415077805519104004e-01 5.203822255134582520e-01 4.395057857036590576e-01
0.000000000000000000e+00 5.608904734253883362e-02 2.887598872184753418e-01 3.883946239948272705e-01 4.935074448585510254e-01 5.961742997169494629e-01 6.924093961715698242e-01 7.809700369834899902e-01 9.999527335166931152e-01 5.712400674819946289e-01 5.526809692382812500e-01 5.619508624076843262e-01 4.859529137611389160e-01 4.547408521175384521e-01 4.165280759334564209e-01 4.958313405513763428e-01
0.000000000000000000e+00 7.069939165376126766e-04 2.844738960266113281e-01 3.880538940429687500e-01 5.017938017845153809e-01 6.070032119750976562e-01 6.975842118263244629e-01 7.992647290229797363e-01 9.999960660934448242e-01 3.795516490936279297e-01 7.064206004142761230e-01 5.625362396240234375e-01 5.212134122848510742e-01 5.360507369041442871e-01 5.187044143676757812e-01 4.442743062973022461e-01
0.000000000000000000e+00 6.582289934158325195e-04 2.771656215190887451e-01 3.750149905681610107e-01 4.875557422637939453e-01 5.873913168907165527e-01 6.864899396896362305e-01 7.928056716918945312e-01 9.999763369560241699e-01 4.220767915248870850e-01 6.953293085098266602e-01 5.794723033905029297e-01 5.367019176483154297e-01 5.309360623359680176e-01 5.116519927978515625e-01 4.517552554607391357e-01
1.000000000000000000e+00 1.053296844474971294e-03 2.828405201435089111e-01 3.835179209709167480e-01 4.953932166099548340e-01 5.963941812515258789e-01 6.910279393196105957e-01 7.942100167274475098e-01 9.999575018882751465e-01 4.297632575035095215e-01 6.711993813514709473e-01 5.570048093795776367e-01 5.240778923034667969e-01 5.221135020256042480e-01 4.998027086257934570e-01 4.629024565219879150e-01
0.000000000000000000e+00 2.039778744801878929e-03 2.836377620697021484e-01 3.860951364040374756e-01 4.994041323661804199e-01 6.010518074035644531e-01 6.982668638229370117e-01 7.993044853210449219e-01 9.999827146530151367e-01 4.222960472106933594e-01 6.473633646965026855e-01 5.568940043449401855e-01 5.158908367156982422e-01 5.095810890197753906e-01 4.837828874588012695e-01 4.600495100021362305e-01
0.000000000000000000e+00 6.144637707620859146e-03 2.681059241294860840e-01 3.685832917690277100e-01 4.777256846427917480e-01 5.815852880477905273e-01 6.872696280479431152e-01 7.863324880599975586e-01 9.999936223030090332e-01 5.281969904899597168e-01 6.382681131362915039e-01 5.657171010971069336e-01 5.241869688034057617e-01 4.888530373573303223e-01 4.832912385463714600e-01 4.830461740493774414e-01
1.000000000000000000e+00 6.193961016833782196e-04 2.734471559524536133e-01 3.766559660434722900e-01 4.909729063510894775e-01 5.942673087120056152e-01 6.881713271141052246e-01 7.912670373916625977e-01 9.999935626983642578e-01 4.115883409976959229e-01 7.101001739501953125e-01 5.285849571228027344e-01 5.263853669166564941e-01 5.305308103561401367e-01 5.256459712982177734e-01 4.350062012672424316e-01
0.000000000000000000e+00 8.841610397212207317e-04 2.790050804615020752e-01 3.833929300308227539e-01 4.935112595558166504e-01 5.977601408958435059e-01 6.945859789848327637e-01 7.958031296730041504e-01 9.999886751174926758e-01 4.023816883563995361e-01 7.000304460525512695e-01 5.581259727478027344e-01 5.307832360267639160e-01 5.193923115730285645e-01 5.141375064849853516e-01 4.585303664207458496e-01
1.000000000000000000e+00 4.956933856010437012e-02 2.917831242084503174e-01 3.912383317947387695e-01 4.989499449729919434e-01 6.013230085372924805e-01 6.972841620445251465e-01 7.842156887054443359e-01 9.999321103096008301e-01 5.948833823204040527e-01 5.936523079872131348e-01 5.595587491989135742e-01 5.065557956695556641e-01 4.447828531265258789e-01 4.318794012069702148e-01 4.959531128406524658e-01
1.000000000000000000e+00 1.447877613827586174e-03 2.717523574829101562e-01 3.698898255825042725e-01 4.803503453731536865e-01 5.831296443939208984e-01 6.820036172866821289e-01 7.872076034545898438e-01 9.999992251396179199e-01 4.428855776786804199e-01 6.559725403785705566e-01 5.514789819717407227e-01 5.238115191459655762e-01 5.260981321334838867e-01 4.933312833309173584e-01 4.539360105991363525e-01
1.000000000000000000e+00 1.297112088650465012e-03 2.868791818618774414e-01 3.892641663551330566e-01 4.976175427436828613e-01 5.977325439453125000e-01 6.962717771530151367e-01 7.979971170425415039e-01 9.999935626983642578e-01 4.151096343994140625e-01 6.597290039062500000e-01 5.998321175575256348e-01 5.458213090896606445e-01 5.023033022880554199e-01 4.929824471473693848e-01 4.653384089469909668e-01
0.000000000000000000e+00 6.496105808764696121e-03 2.734698355197906494e-01 3.774382174015045166e-01 4.878486692905426025e-01 5.957683324813842773e-01 6.910125017166137695e-01 7.824505567550659180e-01 9.999522566795349121e-01 5.376378893852233887e-01 6.697567701339721680e-01 5.196204781532287598e-01 4.995693266391754150e-01 4.991651177406311035e-01 4.867438971996307373e-01 4.657464623451232910e-01
0.000000000000000000e+00 6.174945738166570663e-04 2.779641151428222656e-01 3.785728216171264648e-01 4.897614419460296631e-01 5.934188961982727051e-01 6.878723502159118652e-01 7.914360761642456055e-01 9.999930858612060547e-01 4.093348681926727295e-01 7.022769451141357422e-01 5.426131486892700195e-01 5.245773196220397949e-01 5.328396558761596680e-01 5.184421539306640625e-01 4.372701644897460938e-01
1.000000000000000000e+00 8.152276277542114258e-03 2.796673774719238281e-01 3.784085810184478760e-01 4.900854527950286865e-01 5.902414321899414062e-01 6.874002218246459961e-01 7.828942537307739258e-01 9.999974966049194336e-01 4.938075244426727295e-01 6.107423901557922363e-01 5.353609919548034668e-01 4.981444180011749268e-01 4.855739176273345947e-01 4.500313401222229004e-01 4.627013802528381348e-01
1.000000000000000000e+00 2.810331620275974274e-02 2.999063730239868164e-01 3.975455462932586670e-01 5.067127943038940430e-01 6.052157282829284668e-01 7.026681900024414062e-01 7.958679199218750000e-01 9.999866485595703125e-01 5.057083964347839355e-01 5.623203516006469727e-01 6.035338640213012695e-01 5.147204399108886719e-01 4.430737793445587158e-01 4.253836572170257568e-01 4.939862787723541260e-01
0.000000000000000000e+00 2.488682977855205536e-03 2.833347022533416748e-01 3.792805969715118408e-01 4.905919134616851807e-01 5.909535288810729980e-01 6.875053644180297852e-01 7.883684039115905762e-01 9.999996423721313477e-01 4.237643182277679443e-01 6.153114438056945801e-01 5.599549412727355957e-01 5.000461339950561523e-01 5.177794098854064941e-01 4.613460004329681396e-01 4.540018737316131592e-01
0.000000000000000000e+00 6.028902158141136169e-02 2.884642183780670166e-01 3.877563476562500000e-01 4.949952363967895508e-01 5.966506004333496094e-01 6.956946849822998047e-01 7.832872271537780762e-01 9.998741745948791504e-01 5.955532789230346680e-01 5.713393092155456543e-01 5.605878233909606934e-01 5.003995895385742188e-01 4.457698464393615723e-01 4.306046068668365479e-01 4.854363799095153809e-01
1.000000000000000000e+00 8.737267926335334778e-04 2.857858240604400635e-01 3.899208009243011475e-01 5.002539753913879395e-01 6.025755405426025391e-01 6.971186399459838867e-01 7.967004179954528809e-01 9.999847412109375000e-01 3.887540996074676514e-01 6.989055275917053223e-01 5.692048072814941406e-01 5.309416651725769043e-01 5.264530181884765625e-01 5.168688297271728516e-01 4.576803743839263916e-01
0.000000000000000000e+00 2.905376954004168510e-03 2.915416061878204346e-01 3.934062421321868896e-01 5.041977167129516602e-01 6.041017174720764160e-01 6.965566873550415039e-01 7.952653765678405762e-01 9.999997019767761230e-01 4.358566403388977051e-01 6.516467928886413574e-01 5.755518078804016113e-01 5.241878032684326172e-01 4.886228442192077637e-01 4.797258079051971436e-01 4.781114161014556885e-01
0.000000000000000000e+00 4.625621717423200607e-03 2.790265381336212158e-01 3.798180222511291504e-01 4.863517284393310547e-01 5.910878777503967285e-01 6.883757710456848145e-01 7.865321636199951172e-01 9.999885559082031250e-01 4.987337589263916016e-01 6.374287605285644531e-01 5.694054365158081055e-01 5.142697095870971680e-01 4.996820390224456787e-01 4.708718359470367432e-01 4.746055901050567627e-01
1.000000000000000000e+00 6.485706660896539688e-03 2.827053666114807129e-01 3.837982118129730225e-01 4.916372597217559814e-01 5.971628427505493164e-01 6.925448775291442871e-01 7.842444181442260742e-01 9.999672770500183105e-01 5.155637860298156738e-01 6.583535671234130859e-01 5.443425178527832031e-01 5.007047653198242188e-01 5.017004013061523438e-01 4.774090051651000977e-01 4.639967381954193115e-01
1.000000000000000000e+00 2.172623528167605400e-03 2.674079835414886475e-01 3.717557787895202637e-01 4.849554300308227539e-01 5.959267616271972656e-01 6.879106163978576660e-01 7.836019992828369141e-01 9.999826550483703613e-01 5.016342997550964355e-01 7.071164250373840332e-01 4.941783547401428223e-01 4.996081292629241943e-01 5.249803662300109863e-01 5.117800235748291016e-01 4.481428265571594238e-01
1.000000000000000000e+00 8.953110664151608944e-04 2.820722162723541260e-01 3.842178881168365479e-01 4.936822056770324707e-01 6.010506749153137207e-01 6.943579316139221191e-01 7.985321879386901855e-01 9.999992251396179199e-01 4.057294726371765137e-01 6.968843340873718262e-01 5.787115693092346191e-01 5.397491455078125000e-01 5.231606960296630859e-01 5.114209651947021484e-01 4.694463312625885010e-01
0.000000000000000000e+00 8.735931478440761566e-03 2.820161283016204834e-01 3.825298547744750977e-01 4.900520741939544678e-01 5.910746455192565918e-01 6.914964914321899414e-01 7.858187556266784668e-01 9.999743700027465820e-01 5.109356641769409180e-01 5.932136774063110352e-01 5.815002322196960449e-01 5.195170640945434570e-01 4.683915078639984131e-01 4.594754278659820557e-01 4.803470969200134277e-01
1.000000000000000000e+00 1.611719490028917789e-03 2.818160057067871094e-01 3.864694237709045410e-01 4.975458681583404541e-01 6.022212505340576172e-01 7.002881765365600586e-01 7.996468544006347656e-01 9.999877214431762695e-01 4.282130599021911621e-01 6.655619144439697266e-01 5.575935244560241699e-01 5.258783102035522461e-01 5.038738250732421875e-01 5.006018280982971191e-01 4.643636047840118408e-01
0.000000000000000000e+00 8.005353808403015137e-02 2.842321395874023438e-01 3.821183443069458008e-01 4.893852174282073975e-01 5.943805575370788574e-01 6.919373273849487305e-01 7.772250771522521973e-01 9.999930262565612793e-01 6.031530499458312988e-01 5.433148145675659180e-01 5.372482538223266602e-01 4.742147326469421387e-01 4.511227607727050781e-01 4.057501554489135742e-01 4.887093007564544678e-01
0.000000000000000000e+00 6.482849828898906708e-03 2.841482460498809814e-01 3.837772309780120850e-01 4.915691912174224854e-01 5.900537967681884766e-01 6.880140900611877441e-01 7.853351831436157227e-01 9.999931454658508301e-01 4.733482301235198975e-01 5.902059078216552734e-01 5.786414742469787598e-01 5.008166432380676270e-01 4.819434881210327148e-01 4.552882611751556396e-01 4.791270196437835693e-01
0.000000000000000000e+00 1.180539745837450027e-02 2.892064452171325684e-01 3.892198503017425537e-01 4.967949688434600830e-01 5.967988371849060059e-01 6.933801770210266113e-01 7.884030342102050781e-01 9.999971389770507812e-01 4.921589195728302002e-01 5.881357192993164062e-01 5.704940557479858398e-01 5.013428926467895508e-01 4.813487231731414795e-01 4.391568303108215332e-01 4.897103607654571533e-01
1.000000000000000000e+00 8.144357707351446152e-05 2.898220419883728027e-01 3.896058797836303711e-01 5.035670399665832520e-01 6.047833561897277832e-01 6.969935297966003418e-01 8.071610331535339355e-01 9.999993443489074707e-01 2.887920141220092773e-01 7.411900758743286133e-01 5.944350957870483398e-01 5.633408427238464355e-01 5.572060346603393555e-01 5.482380986213684082e-01 4.393407404422760010e-01
0.000000000000000000e+00 3.297262010164558887e-04 2.730245590209960938e-01 3.804719448089599609e-01 4.927510321140289307e-01 5.999667048454284668e-01 6.924759745597839355e-01 7.944240570068359375e-01 9.999936223030090332e-01 4.058322608470916748e-01 7.559340596199035645e-01 5.233187079429626465e-01 5.332453846931457520e-01 5.472487211227416992e-01 5.502919554710388184e-01 4.365440607070922852e-01
0.000000000000000000e+00 1.571677438914775848e-02 2.839931845664978027e-01 3.811314404010772705e-01 4.916337430477142334e-01 5.937793850898742676e-01 6.923861503601074219e-01 7.887215018272399902e-01 9.999505877494812012e-01 5.165399312973022461e-01 5.822929143905639648e-01 5.807319879531860352e-01 5.021644234657287598e-01 4.672074615955352783e-01 4.305278956890106201e-01 4.904612004756927490e-01
0.000000000000000000e+00 2.677336335182189941e-02 2.838083207607269287e-01 3.858506679534912109e-01 4.952477812767028809e-01 5.977225303649902344e-01 6.981736421585083008e-01 7.877784371376037598e-01 9.999620318412780762e-01 5.423459410667419434e-01 5.787793993949890137e-01 5.677165389060974121e-01 4.986601173877716064e-01 4.641692936420440674e-01 4.374585151672363281e-01 4.795826971530914307e-01
1.000000000000000000e+00 1.117115141823887825e-03 2.846626937389373779e-01 3.846458494663238525e-01 4.979018270969390869e-01 5.942754149436950684e-01 6.955137252807617188e-01 7.994701266288757324e-01 9.999877214431762695e-01 3.987530171871185303e-01 6.594170331954956055e-01 5.973910689353942871e-01 5.444694757461547852e-01 5.099720358848571777e-01 4.978430867195129395e-01 4.670610427856445312e-01
0.000000000000000000e+00 7.116548251360654831e-03 2.837288379669189453e-01 3.866958320140838623e-01 4.965735673904418945e-01 5.994830727577209473e-01 6.952984929084777832e-01 7.902958989143371582e-01 9.999973177909851074e-01 4.916298687458038330e-01 6.474751234054565430e-01 5.670805573463439941e-01 5.151324868202209473e-01 4.863997995853424072e-01 4.767559766769409180e-01 4.708622395992279053e-01
1.000000000000000000e+00 3.702787449583411217e-03 2.889405786991119385e-01 3.894833028316497803e-01 4.982324838638305664e-01 6.003997921943664551e-01 6.974874138832092285e-01 7.972047328948974609e-01 9.999932646751403809e-01 4.299393892288208008e-01 6.297983527183532715e-01 5.977751016616821289e-01 5.221275687217712402e-01 4.852800965309143066e-01 4.667522013187408447e-01 4.826510250568389893e-01
0.000000000000000000e+00 2.384991385042667389e-03 2.839656770229339600e-01 3.841292858123779297e-01 4.926003813743591309e-01 5.937352776527404785e-01 6.901201605796813965e-01 7.901602983474731445e-01 9.999956488609313965e-01 4.274160265922546387e-01 6.231817007064819336e-01 5.774761438369750977e-01 5.182918310165405273e-01 4.970713555812835693e-01 4.756478071212768555e-01 4.712025821208953857e-01
